思路：两数相乘，2位数 * 3位数，最小的长度是4位（10*100=1000），最大的长度是5位（99*999=98901），所以新建一个5位长的数组存放结果，乘法过程如下
例子：234 * 12
             1 2 3 4
               5 6 7*
           ----------
                 2 8
               2 1
             1 4
             7

       0 0 0 8 6 3 8

=====================

              1 2 3 4
                5 6*7
           -----------
                2 4
              1 8
            1 2
            6

      + 0 0 0 8 6 3 8
      = 0 0 8 2 6 7 8

=====================

              1 2 3 4
                5*6 7
           -----------
              2 0
            1 5
          1 0
          5

      + 0 0 8 2 6 7 8
      = 0 6 9 9 6 7 8

=====================
